Dataset loaded with 4.36 hours. Filtered 1.02 hours. Number of samples: 2513
Word Error Rate: 7.4454891880312974%, accuracy=92.5545108119687%
hash=1e062c031f082042b30be8e4ec4f022377f119d45ec2ca9ebbb12f7cb92eaf88
hash=1e062c031f082042b30be8e4ec4f022377f119d45ec2ca9ebbb12f7cb92eaf88
hash=1e062c031f082042b30be8e4ec4f022377f119d45ec2ca9ebbb12f7cb92eaf88
